10 1
10 2
10 3
10 4
10 5
10 6
10 7
10 8
10 9
10 10
10 11
10 12
10 13
10 14
10 15
10 16
10 17
10 18
10 19
10 20
10 21
10 22
10 23
10 24
10 25
10 26
10 27
10 28
10 29
10 30
10 31
10 32
10 33
10 34
10 35
10 36
10 37
10 38
10 39
10 40
10 41
10 42
10 43
10 44
10 45
10 46
10 47
10 48
10 49
10 50
10 51
10 52
10 53
10 54
10 55
10 56
10 57
10 58
10 59
10 60
10 61
10 62
10 63
10 64
10 65
10 66
10 67
10 68
10 69
10 70
10 71
10 72
10 73
10 74
10 75
10 76
10 77
10 78
10 79
10 80
10 81
10 82
10 83
10 84
10 85
10 86
10 87
10 88
10 89
10 90
10 91
10 92
10 93
10 94
10 95
10 96
10 97
10 98
10 99
10 100
11 100
12 100
13 100
14 100
15 100
16 100
17 100
18 100
19 100
20 100
21 100
22 100
23 100
24 100
25 100
26 100
27 100
28 100
29 100
30 100
31 100
32 100
33 100
34 100
35 100
36 100
37 100
38 100
39 100
40 100
41 100
42 100
43 100
44 100
45 100
46 100
47 100
48 100
49 100
50 100
51 100
52 100
53 100
54 100
55 100
56 100
57 100
58 100
59 100
60 100
61 100
62 100
63 100
64 100
65 100
66 100
67 100
68 100
69 100
70 100
71 100
72 100
73 100
74 100
75 100
76 100
77 100
78 100
79 100
80 100
81 100
82 100
83 100
84 100
85 100
86 100
87 100
88 100
89 100
90 100
91 100
92 100
93 100
94 100
95 100
96 100
97 100
98 100
99 100
100 100
101 100
102 100
103 100
104 100
105 100
106 100
107 100
108 100
109 100
110 100
110 99
110 98
110 97
110 96
110 95
110 94
110 93
110 92
110 91
110 90
110 89
110 88
110 87
110 86
110 85
110 84
110 83
110 82
110 81
110 80
110 79
110 78
110 77
110 76
110 75
110 74
110 73
110 72
110 71
110 70
110 69
110 68
110 67
110 66
110 65
110 64
110 63
110 62
110 61
110 60
110 59
110 58
110 57
110 56
110 55
110 54
110 53
110 52
110 51
110 50
110 49
110 48
110 47
110 46
110 45
110 44
110 43
110 42
110 41
110 40
110 39
110 38
110 37
110 36
110 35
110 34
110 33
110 32
110 31
110 30
110 29
110 28
110 27
110 26
110 25
110 24
110 23
110 22
110 21
110 20
110 19
110 18
110 17
110 16
110 15
110 14
110 13
110 12
110 11
110 10
110 9
110 8
110 7
110 6
110 5
110 4
110 3
110 2
110 1